,epoch,accuracy,train_accuracy,runtime
0,500,0.789,0.77608,14.225958585739136
1,500,0.8204,0.77608,17.500118494033813
2,500,0.8254,0.77608,22.172143936157227
3,500,0.8288,0.77608,27.29685115814209
4,500,0.8254,0.77608,30.97001314163208
5,500,0.827,0.77608,49.5489227771759
6,500,0.8232,0.77608,57.794984579086304
7,500,0.8152,0.77608,64.6741213798523
8,500,0.8204,0.77608,70.95281028747559
9,500,0.818,0.77608,77.68251752853394
10,500,0.8164,0.77608,84.85922861099243
11,500,0.8142,0.77608,90.7224793434143
12,500,0.813,0.77608,96.74653100967407
13,500,0.8084,0.77608,102.61414408683777
14,500,0.8036,0.77608,107.77752327919006
15,500,0.8078,0.77608,111.30234408378601
16,500,0.8086,0.77608,118.31139588356018
17,500,0.7976,0.77608,125.51937532424927
18,500,0.8088,0.77608,130.72984957695007
19,500,0.8084,0.77608,137.4534559249878
20,1000,0.7958,0.8024,25.843846559524536
21,1000,0.8228,0.83412,33.96589660644531
22,1000,0.8278,0.84224,43.313782930374146
23,1000,0.8326,0.8462,52.082308769226074
24,1000,0.8388,0.85028,59.11080741882324
25,1000,0.8364,0.85032,99.18300986289978
26,1000,0.8324,0.8506,112.63645458221436
27,1000,0.8386,0.85148,125.57974934577942
28,1000,0.8312,0.85304,140.18470335006714
29,1000,0.8324,0.85072,152.68055629730225
30,1000,0.8316,0.85196,166.39156889915466
31,1000,0.8306,0.85256,177.6602954864502
32,1000,0.8254,0.85004,191.5534303188324
33,1000,0.8254,0.84988,205.07103276252747
34,1000,0.8246,0.85124,220.15002489089966
35,1000,0.8168,0.84988,228.18050527572632
36,1000,0.8196,0.84864,240.71471333503723
37,1000,0.8174,0.84944,253.6110384464264
38,1000,0.819,0.848,266.0555875301361
39,1000,0.8198,0.847,272.69292426109314
40,1500,0.7962,0.77608,37.634830713272095
41,1500,0.8254,0.77608,49.60938358306885
42,1500,0.8334,0.77608,64.89331817626953
43,1500,0.833,0.77608,78.52267026901245
44,1500,0.8376,0.77608,89.91944432258606
45,1500,0.839,0.77608,149.1676549911499
46,1500,0.8368,0.77608,171.93397855758667
47,1500,0.8362,0.77608,191.40846705436707
48,1500,0.8296,0.77608,211.26859378814697
49,1500,0.8316,0.77608,230.87647247314453
50,1500,0.8348,0.77608,252.5164670944214
51,1500,0.8328,0.77608,270.39048290252686
52,1500,0.8316,0.77608,289.8381116390228
53,1500,0.833,0.77608,307.20705819129944
54,1500,0.8262,0.77608,318.9468505382538
55,1500,0.8254,0.77608,335.0271797180176
56,1500,0.827,0.77608,355.05570006370544
57,1500,0.8298,0.77608,376.4556722640991
58,1500,0.8222,0.77608,396.3864333629608
59,1500,0.8212,0.77608,414.7089593410492
